version https://git-lfs.github.com/spec/v1
oid sha256:f30495f05fb052f5544cc07851d63fc55fb506f549fc04fcc6fde432fb82548a
size 3816
